# msd_ostsq3_addition: Ostrowski numeration for alpha = [0; 3, bar(1, 2)]
# (x,y,z) with x + y = z
# weights q_l = [1, 3, 4, 11, 15, 41, 56, 153, 209]
# generated by Peanut `ost ostsq3 [] [1 2]`

{0,1,2} {0,1,2} {0,1,2}

0 1
0 0 0 -> 0
0 0 1 -> 1
1 0 1 -> 2
0 1 1 -> 2
1 0 2 -> 3
2 0 2 -> 4
0 1 2 -> 3
1 1 2 -> 4
0 2 2 -> 4

1 0
0 0 0 -> 5
1 0 0 -> 6
2 0 0 -> 7
0 1 0 -> 8
1 1 0 -> 9
2 1 0 -> 10
0 2 0 -> 11
1 2 0 -> 10
1 1 1 -> 12

2 1
0 0 0 -> 0
0 0 1 -> 13
1 0 1 -> 14
0 1 1 -> 14

3 0
0 0 0 -> 5
1 0 0 -> 15
0 1 0 -> 16
1 1 0 -> 17

4 1
0 0 0 -> 18

5 0
1 1 0 -> 19
2 1 0 -> 7
1 2 0 -> 11
2 2 0 -> 10
2 2 1 -> 20

6 0
0 0 0 -> 21
0 1 0 -> 22
1 1 0 -> 12
0 1 1 -> 21
0 2 1 -> 23
0 2 2 -> 24

7 0
0 0 0 -> 25
0 1 0 -> 26
0 1 1 -> 27

8 0
0 0 0 -> 21
1 0 0 -> 22
1 1 0 -> 12
1 0 1 -> 21
2 0 1 -> 28
2 0 2 -> 29

9 0
0 0 0 -> 25
1 0 0 -> 30
0 1 0 -> 26
0 0 1 -> 31
1 0 1 -> 32
0 1 1 -> 27
1 1 1 -> 14
0 0 2 -> 33

10 1
0 0 0 -> 34
0 0 1 -> 35

11 0
0 0 0 -> 25
1 0 0 -> 30
1 0 1 -> 32

12 0
0 0 0 -> 21

13 0
1 0 0 -> 19
2 0 0 -> 7
0 1 0 -> 19
1 1 0 -> 36
2 1 0 -> 10
0 2 0 -> 11
1 2 0 -> 10

14 0
0 0 0 -> 22

15 0
0 0 0 -> 21
0 1 0 -> 22
0 1 1 -> 21
0 2 1 -> 23
0 2 2 -> 24

16 0
0 0 0 -> 21
1 0 0 -> 22
1 0 1 -> 21
2 0 1 -> 28
2 0 2 -> 29

17 0
0 0 1 -> 31
0 0 2 -> 33

18 0
0 0 0 -> 22
0 0 1 -> 21
1 0 1 -> 22
0 1 1 -> 22
1 0 2 -> 3
2 0 2 -> 4
0 1 2 -> 3
1 1 2 -> 4
0 2 2 -> 4

19 0
1 1 0 -> 12

20 0
0 0 0 -> 25

21 0
0 0 0 -> 5
1 0 0 -> 15
0 1 0 -> 16
1 1 0 -> 17
1 1 1 -> 12

22 1
0 0 0 -> 18
0 0 1 -> 13
1 0 1 -> 14
0 1 1 -> 14

23 1
0 0 0 -> 18
0 0 1 -> 13
1 0 1 -> 14

24 0
0 0 0 -> 5
1 0 0 -> 15

25 0
1 0 0 -> 19
2 0 0 -> 7
0 1 0 -> 19
1 1 0 -> 36
2 1 0 -> 10
0 2 0 -> 11
1 2 0 -> 10
1 1 1 -> 19
2 1 1 -> 7
1 2 1 -> 11
2 2 1 -> 10
2 2 2 -> 20

26 0
0 0 0 -> 22
0 0 1 -> 21
1 0 1 -> 22
1 0 2 -> 3
2 0 2 -> 4

27 0
1 0 0 -> 19
2 0 0 -> 7

28 1
0 0 0 -> 18
0 0 1 -> 13
0 1 1 -> 14

29 0
0 0 0 -> 5
0 1 0 -> 16

30 0
0 0 0 -> 22
0 0 1 -> 21
0 1 1 -> 22
0 1 2 -> 3
0 2 2 -> 4

31 0
0 0 1 -> 14

32 0
0 1 0 -> 19
0 2 0 -> 11

33 1
0 0 0 -> 37
1 0 0 -> 17
0 1 0 -> 17

34 0
0 0 1 -> 22
0 0 2 -> 3
1 0 2 -> 4
0 1 2 -> 4

35 0
0 0 0 -> 19
1 0 0 -> 36
2 0 0 -> 10
0 1 0 -> 36
1 1 0 -> 10
0 2 0 -> 10

36 0
0 0 0 -> 25
1 0 0 -> 30
0 1 0 -> 26
1 0 1 -> 32
0 1 1 -> 27
1 1 1 -> 14

37 0
0 0 0 -> 21
1 0 0 -> 22
0 1 0 -> 22
1 0 1 -> 21
2 0 1 -> 28
0 1 1 -> 21
1 1 1 -> 22
0 2 1 -> 23
2 0 2 -> 29
1 1 2 -> 3
2 1 2 -> 4
0 2 2 -> 24
1 2 2 -> 4
