# msd_ost13_addition: Ostrowski numeration for alpha = [0; 3, 1, bar(1, 2)]
# (x,y,z) with x + y = z
# weights q_l = [1, 3, 4, 7, 18, 25, 68, 93, 254]
# generated by Peanut `ost ost13 [0 3 1] [1 2]`

{0,1,2} {0,1,2} {0,1,2}

0 1
0 0 0 -> 0
0 0 1 -> 1
1 0 1 -> 2
0 1 1 -> 2
1 0 2 -> 3
2 0 2 -> 4
0 1 2 -> 3
1 1 2 -> 4
0 2 2 -> 4

1 0
0 0 0 -> 5
1 0 0 -> 6
2 0 0 -> 7
0 1 0 -> 8
1 1 0 -> 9
2 1 0 -> 10
0 2 0 -> 11
1 2 0 -> 10
1 1 1 -> 12

2 1
0 0 0 -> 0
0 0 1 -> 13
1 0 1 -> 14
0 1 1 -> 14

3 0
0 0 0 -> 15
1 0 0 -> 16
0 1 0 -> 17
1 1 0 -> 18

4 1
0 0 0 -> 19

5 0
1 1 0 -> 20
2 1 0 -> 7
1 2 0 -> 11
2 2 0 -> 10
2 2 1 -> 21

6 0
0 0 0 -> 22
0 1 0 -> 23
1 1 0 -> 12
0 1 1 -> 24
0 2 1 -> 25
0 2 2 -> 26

7 0
0 0 0 -> 27
0 1 0 -> 28
0 1 1 -> 29

8 0
0 0 0 -> 22
1 0 0 -> 30
1 1 0 -> 12
1 0 1 -> 24
2 0 1 -> 31
2 0 2 -> 32

9 0
0 0 0 -> 33
1 0 0 -> 34
0 1 0 -> 28
0 0 1 -> 35
1 0 1 -> 36
0 1 1 -> 29
1 1 1 -> 14
0 0 2 -> 37

10 1
0 0 0 -> 38
0 0 1 -> 39

11 0
0 0 0 -> 27
1 0 0 -> 34
1 0 1 -> 36

12 0
0 0 0 -> 22

13 0
0 0 0 -> 40
1 0 0 -> 41
2 0 0 -> 7
0 1 0 -> 42
1 1 0 -> 43
2 1 0 -> 44
0 2 0 -> 11
1 2 0 -> 44

14 0
0 0 0 -> 45

15 0
1 1 0 -> 20
2 1 0 -> 7
1 2 0 -> 11
2 2 0 -> 44
2 2 1 -> 21

16 0
0 0 0 -> 22
0 1 0 -> 46
0 1 1 -> 24
0 2 1 -> 47
0 2 2 -> 26

17 0
0 0 0 -> 22
1 0 0 -> 48
1 0 1 -> 24
2 0 1 -> 49
2 0 2 -> 32

18 0
0 0 0 -> 50
0 0 1 -> 35
0 0 2 -> 51

19 0
0 0 0 -> 45
0 0 1 -> 52
1 0 1 -> 53
0 1 1 -> 53
1 0 2 -> 3
2 0 2 -> 54
0 1 2 -> 3
1 1 2 -> 54
0 2 2 -> 54

20 0
1 1 0 -> 12

21 0
0 0 0 -> 27

22 0
0 0 0 -> 15
1 0 0 -> 16
0 1 0 -> 17
1 1 0 -> 18
2 1 0 -> 55
1 2 0 -> 55
1 1 1 -> 12
2 2 1 -> 55

23 1
0 0 0 -> 56
0 0 1 -> 13
1 0 1 -> 57
0 1 1 -> 14
2 0 2 -> 55

24 0
0 0 0 -> 15
1 0 0 -> 16
0 1 0 -> 17
1 1 0 -> 18
1 1 1 -> 12

25 1
0 0 0 -> 19
0 0 1 -> 13
1 0 1 -> 14

26 0
0 0 0 -> 15
1 0 0 -> 16

27 0
0 0 0 -> 40
1 0 0 -> 41
2 0 0 -> 7
0 1 0 -> 42
1 1 0 -> 43
2 1 0 -> 44
0 2 0 -> 11
1 2 0 -> 44
1 1 1 -> 20
2 1 1 -> 7
1 2 1 -> 11
2 2 1 -> 44
2 2 2 -> 21

28 0
0 0 0 -> 45
0 0 1 -> 52
1 0 1 -> 53
1 0 2 -> 3
2 0 2 -> 54

29 0
0 0 0 -> 40
1 0 0 -> 41
2 0 0 -> 7

30 1
0 0 0 -> 56
0 0 1 -> 13
1 0 1 -> 14
0 1 1 -> 57
0 2 2 -> 55

31 1
0 0 0 -> 19
0 0 1 -> 13
0 1 1 -> 14

32 0
0 0 0 -> 15
0 1 0 -> 17

33 0
0 0 0 -> 40
1 0 0 -> 41
2 0 0 -> 7
0 1 0 -> 42
1 1 0 -> 43
2 1 0 -> 44
0 2 0 -> 11
1 2 0 -> 44
0 0 1 -> 55
1 1 1 -> 20
2 1 1 -> 7
1 2 1 -> 11
2 2 1 -> 44
1 0 2 -> 55
0 1 2 -> 55
2 2 2 -> 21

34 0
0 0 0 -> 45
0 0 1 -> 52
0 1 1 -> 53
0 1 2 -> 3
0 2 2 -> 54

35 0
2 0 0 -> 55
1 1 0 -> 55
0 2 0 -> 55
0 0 1 -> 14

36 0
0 0 0 -> 40
0 1 0 -> 42
0 2 0 -> 11

37 1
0 0 0 -> 58
1 0 0 -> 18
0 1 0 -> 18

38 0
0 0 1 -> 53
0 0 2 -> 3
1 0 2 -> 54
0 1 2 -> 54

39 0
0 0 0 -> 59
1 0 0 -> 43
2 0 0 -> 44
0 1 0 -> 43
1 1 0 -> 44
0 2 0 -> 44

40 0
2 2 0 -> 55

41 0
0 1 0 -> 55
1 1 0 -> 12
0 2 1 -> 55

42 0
1 0 0 -> 55
1 1 0 -> 12
2 0 1 -> 55

43 0
0 0 0 -> 27
1 0 0 -> 34
0 1 0 -> 28
1 0 1 -> 36
0 1 1 -> 29
1 1 1 -> 14
0 0 2 -> 55

44 0
0 0 0 -> 38
0 0 1 -> 39

45 0
0 0 0 -> 56
0 0 1 -> 13
1 0 1 -> 57
0 1 1 -> 57
2 0 2 -> 55
1 1 2 -> 55
0 2 2 -> 55

46 0
0 0 0 -> 56
0 0 1 -> 13
1 0 1 -> 57
0 1 1 -> 14
2 0 2 -> 55

47 0
0 0 0 -> 19
0 0 1 -> 13
1 0 1 -> 14

48 0
0 0 0 -> 56
0 0 1 -> 13
1 0 1 -> 14
0 1 1 -> 57
0 2 2 -> 55

49 0
0 0 0 -> 19
0 0 1 -> 13
0 1 1 -> 14

50 0
0 0 1 -> 55
1 0 2 -> 55
0 1 2 -> 55

51 0
0 0 0 -> 58
1 0 0 -> 18
0 1 0 -> 18

52 0
0 0 0 -> 15
1 0 0 -> 16
0 1 0 -> 17
1 1 0 -> 18
2 1 0 -> 55
1 2 0 -> 55
1 1 1 -> 12

53 0
0 0 0 -> 56
0 0 1 -> 13
1 0 1 -> 14
0 1 1 -> 14

54 0
0 0 0 -> 19

55 1

56 1
0 0 0 -> 45
0 0 1 -> 52
1 0 1 -> 53
0 1 1 -> 53
1 0 2 -> 3
2 0 2 -> 54
0 1 2 -> 3
1 1 2 -> 54
0 2 2 -> 54

57 1
0 0 0 -> 45

58 0
0 0 0 -> 22
1 0 0 -> 48
0 1 0 -> 46
1 0 1 -> 24
2 0 1 -> 49
0 1 1 -> 24
1 1 1 -> 53
0 2 1 -> 47
2 0 2 -> 32
1 1 2 -> 3
2 1 2 -> 54
0 2 2 -> 26
1 2 2 -> 54

59 0
1 0 0 -> 55
0 1 0 -> 55
1 1 0 -> 12
2 0 1 -> 55
1 1 1 -> 55
0 2 1 -> 55
2 1 2 -> 55
1 2 2 -> 55
