# msd_ostfib_addition: Ostrowski numeration for alpha = [0; 2, bar(1)]
# (x,y,z) with x + y = z
# weights q_l = [1, 2, 3, 5, 8, 13, 21, 34, 55]
# generated by Peanut `ost ostfib [] [1]`

{0,1} {0,1} {0,1}

0 1
0 0 0 -> 0
1 0 0 -> 1
0 1 0 -> 1
0 0 1 -> 2
1 0 1 -> 0
0 1 1 -> 0
1 1 1 -> 1

1 0
0 0 1 -> 3

2 0
0 0 0 -> 4
1 0 0 -> 5
0 1 0 -> 5
1 1 0 -> 6
1 0 1 -> 4
0 1 1 -> 4
1 1 1 -> 5

3 0
0 0 0 -> 1
0 0 1 -> 0
1 0 1 -> 1
0 1 1 -> 1

4 0
1 0 0 -> 4
0 1 0 -> 4
1 1 0 -> 5
1 1 1 -> 4

5 0
0 0 0 -> 2
1 0 0 -> 0
0 1 0 -> 0
1 1 0 -> 1
0 0 1 -> 7
1 0 1 -> 2
0 1 1 -> 2
1 1 1 -> 0

6 1
0 0 0 -> 3
0 0 1 -> 8
1 0 1 -> 3
0 1 1 -> 3

7 0
1 0 0 -> 9
0 1 0 -> 9
1 1 0 -> 10
1 1 1 -> 9

8 1
0 0 0 -> 5
1 0 0 -> 6
0 1 0 -> 6
1 1 0 -> 11
0 0 1 -> 4
1 0 1 -> 5
0 1 1 -> 5
1 1 1 -> 6

9 0
1 1 0 -> 4

10 0
0 0 0 -> 7
1 0 0 -> 2
0 1 0 -> 2
1 1 0 -> 0
1 0 1 -> 7
0 1 1 -> 7
1 1 1 -> 2

11 0
0 0 1 -> 12

12 0
0 0 1 -> 1
