# Pell: digits {0,1,2}, a 2 must be followed by a 0, weights 1,2,5,12,29,...
# Format: Walnut 'Custom Bases' automaton text (alphabet line, then
# 'state output' blocks with 'digits -> target' transitions).  Walnut's own
# msd_pell*.txt drop in unchanged; this file was generated and checked by
# explore/gen_numsys.py (see docs/NUMERATION.md), not copied from Walnut.
# Addition x + y = z over three tracks.
{0, 1, 2} {0, 1, 2} {0, 1, 2}

0 1
0 0 0 -> 0
0 0 1 -> 1
0 0 2 -> 2
0 1 0 -> 3
0 1 1 -> 0
0 1 2 -> 1
0 2 1 -> 3
0 2 2 -> 0
1 0 0 -> 3
1 0 1 -> 0
1 0 2 -> 1
1 1 1 -> 3
1 1 2 -> 0
1 2 2 -> 3
2 0 1 -> 3
2 0 2 -> 0
2 1 2 -> 3

1 0
0 0 0 -> 4
0 1 0 -> 5
0 1 1 -> 4
0 2 0 -> 6
0 2 1 -> 5
0 2 2 -> 4
1 0 0 -> 5
1 0 1 -> 4
1 1 0 -> 6
1 1 1 -> 5
1 1 2 -> 4
1 2 0 -> 7
1 2 1 -> 6
1 2 2 -> 5
2 0 0 -> 6
2 0 1 -> 5
2 0 2 -> 4
2 1 0 -> 7
2 1 1 -> 6
2 1 2 -> 5
2 2 1 -> 7
2 2 2 -> 6

2 0
1 2 0 -> 8
2 1 0 -> 8
2 2 0 -> 9
2 2 1 -> 8

3 0
0 0 2 -> 10

4 0
2 2 0 -> 8

5 0
0 1 0 -> 4
0 2 0 -> 5
0 2 1 -> 4
1 0 0 -> 4
1 1 0 -> 5
1 1 1 -> 4
1 2 0 -> 6
1 2 1 -> 5
1 2 2 -> 4
2 0 0 -> 5
2 0 1 -> 4
2 1 0 -> 6
2 1 1 -> 5
2 1 2 -> 4
2 2 0 -> 7
2 2 1 -> 6
2 2 2 -> 5

6 1
0 0 0 -> 1
0 0 1 -> 2
0 1 0 -> 0
0 1 1 -> 1
0 1 2 -> 2
0 2 0 -> 3
0 2 1 -> 0
0 2 2 -> 1
1 0 0 -> 0
1 0 1 -> 1
1 0 2 -> 2
1 1 0 -> 3
1 1 1 -> 0
1 1 2 -> 1
1 2 1 -> 3
1 2 2 -> 0
2 0 0 -> 3
2 0 1 -> 0
2 0 2 -> 1
2 1 1 -> 3
2 1 2 -> 0
2 2 2 -> 3

7 0
0 0 1 -> 10
0 0 2 -> 11
0 1 2 -> 10
1 0 2 -> 10

8 0
0 2 0 -> 4
1 1 0 -> 4
1 2 0 -> 5
1 2 1 -> 4
2 0 0 -> 4
2 1 0 -> 5
2 1 1 -> 4
2 2 0 -> 6
2 2 1 -> 5
2 2 2 -> 4

9 1
0 0 0 -> 2
0 1 0 -> 1
0 1 1 -> 2
0 2 0 -> 0
0 2 1 -> 1
0 2 2 -> 2
1 0 0 -> 1
1 0 1 -> 2
1 1 0 -> 0
1 1 1 -> 1
1 1 2 -> 2
1 2 0 -> 3
1 2 1 -> 0
1 2 2 -> 1
2 0 0 -> 0
2 0 1 -> 1
2 0 2 -> 2
2 1 0 -> 3
2 1 1 -> 0
2 1 2 -> 1
2 2 1 -> 3
2 2 2 -> 0

10 1
0 0 0 -> 3
0 0 1 -> 0
0 0 2 -> 1
0 1 1 -> 3
0 1 2 -> 0
0 2 2 -> 3
1 0 1 -> 3
1 0 2 -> 0
1 1 2 -> 3
2 0 2 -> 3

11 0
0 0 0 -> 5
0 0 1 -> 4
0 1 0 -> 6
0 1 1 -> 5
0 1 2 -> 4
0 2 0 -> 7
0 2 1 -> 6
0 2 2 -> 5
1 0 0 -> 6
1 0 1 -> 5
1 0 2 -> 4
1 1 0 -> 7
1 1 1 -> 6
1 1 2 -> 5
1 2 1 -> 7
1 2 2 -> 6
2 0 0 -> 7
2 0 1 -> 6
2 0 2 -> 5
2 1 1 -> 7
2 1 2 -> 6
2 2 2 -> 7
